150 
86.4605696219964 97.62060329309628
81.07717199403969 88.14162046633244
2.4786361898188725 73.6564471755082
33.21854679464287 93.08158860483256
80.2235138937139 86.40640283752793
81.0749316574389 26.680570959447202
78.73745091354711 10.809562640295711
87.21667829060897 85.85932513377816
22.243371754566443 81.65866055969289
46.030323467894206 30.519086733860057
79.53454991528618 22.759548740777035
2.366443470145152 19.312978832770867
32.82619511977065 86.43529420302863
96.68891040483612 27.91249927218714
64.14817386076277 39.96783843600609
98.11496871982601 53.62157324787219
93.92371403247157 11.53417518514276
97.0400611022228 17.856781617246366
96.25343157615555 26.546636252296864
10.84025472147111 43.45637585646443
72.85450606527043 31.367731419499123
60.62088533061433 51.14230596694781
38.519543334472715 57.65880434965995
25.472250613858193 70.87852838341706
0.16912782186294661 92.55751654990827
53.84519970927919 71.94299991448455
74.19500778394766 67.06285044329995
36.422147178126416 6.997381112631018
66.42376849112723 33.02000360425964
31.391564505835966 84.80152795063354
71.97542630139502 30.032226821126418
30.928466220865324 40.83929086192168
40.24003870577246 29.565520252594702
12.72877990591532 42.04463337729083
94.0363670730183 67.7317945272733
90.28055457325827 61.55149159513805
30.09498745655653 54.79372131356982
0.04059396972875273 28.69137168689272
42.98881499898346 57.9984781195682
65.47056237030716 46.49881902470142
44.21597993048074 21.370140098910028
47.31861859093263 90.11808258282542
79.60247601267803 16.969139619805475
8.479553672512175 51.54520099152165
63.294085576579576 33.51882554098009
81.84234645366642 75.11381375407322
67.27956705571671 22.464066599728827
19.912993272657665 2.442538772682634
24.484254407835017 47.51363442188051
84.97376946247319 7.28282291845691
41.444101099771935 62.97653807377137
19.44352367397093 69.6354250490505
49.43771690104369 24.398443957843885
65.60580111117841 0.554481813803176
75.0964476618473 77.0046188574025
10.658729656353893 42.51461939427341
17.588668170653165 95.79660422795398
51.79577504437408 5.0218385140640915
24.919827965997165 84.83363473516597
45.646182547017254 80.14166017222645
66.75777325863531 98.7892453066448
59.545231846941974 95.0039608443156
89.1425925810437 61.265232276176285
71.92739612759671 50.4778164824402
83.05691697214151 54.78719506108284
89.72081032332622 74.3655442159585
47.46744368230533 25.919154846501936
24.723973750965953 63.76614367761563
76.58136842971655 52.12998128279821
62.67484369817813 27.45974469175383
7.748335386473581 28.572815086315252
27.17151070821846 31.97095684187623
54.01522225184564 13.837406151615571
23.12614797281868 69.39498122990523
70.64191416945522 6.422885071387807
40.75993696665867 54.261114050391534
41.577423410315596 20.683438951441026
42.01435177734256 90.4838478340177
58.40794142042252 69.55229864979681
85.67320323039343 76.55945761180695
38.038102892771164 0.5896083583993073
35.17588026718247 75.34751250593858
85.34479505691046 95.34303384701063
41.90212826298219 74.75156689780508
54.61323097338391 60.32525889412413
22.05386943238189 21.942163462143615
43.58359760466366 2.902481994671524
33.61295436983824 67.91418850283497
40.431666913763706 16.50447312035088
46.73901492323102 12.762779728116069
62.22569609740647 2.696645190513769
39.402025633970474 56.43919830247741
2.7102046340312436 64.27496480093357
13.569948723056424 46.169844405151174
5.028463348862755 37.91038641881396
21.16602842114815 32.684580488130855
76.12297078940271 37.912621556413626
75.20098235547849 83.19242851552727
25.22715317823806 8.190623276164255
1.938328705001069 53.94190479225337
99.99078285092092 34.99603437201839
65.0144093249875 78.12330496108949
65.17546552438894 75.42332040595262
94.96117327159888 19.93606823625329
2.0380017320332344 15.238234578479037
12.622097487420625 66.94588446199107
56.396958193001915 21.796454090650364
69.94649712461508 76.68980983562408
16.778914336780225 60.72474938909317
74.79256519552858 11.453287137889767
81.93011743110851 96.47207730340877
10.809874965760658 2.5678425497466018
31.19572443946952 67.73472868504088
95.8172838205896 39.66544415166273
71.50147050494684 7.599647784305996
69.06144159329803 62.724239560104444
10.190130544597654 77.2480884951224
85.02932390887963 60.04116148168441
12.105506506731512 98.38443515146713
78.26353463610197 34.7203765308449
42.837801323474444 37.05708762180562
50.59607896770779 34.123117486128315
84.95756269995773 82.23309180900581
10.55388706439986 96.07875672145786
63.558510610144594 82.87073110024582
70.73086437060769 43.5487145007677
73.37953040133918 96.54737312380777
27.008239638740083 80.8199218806756
53.817290644825576 48.34975038831961
43.55744930038943 73.10262143051223
26.839553804922534 85.17131600193318
83.07310188906034 8.66628980556744
88.1631184002772 24.386343919095598
46.470846660323176 61.03317042305206
37.8989304128264 2.869999777008958
85.0952836312459 18.18398571576918
21.211985017973902 79.78323568280965
34.03388431642836 88.03199797582253
70.11837503322016 27.62685757561849
1.0151114438677111 94.80625777770312
8.561296195802125 72.00746641041943
48.85778468487874 75.81646534824664
69.0609339446523 64.59028997409523
49.082133507858615 79.29328681323175
9.305335055467168 22.159640047253014
69.17871552952019 30.62060301300884
58.155558533236714 47.32604887595247
53.09219311457678 42.55038127052148
74.59354367136096 33.07912971959301
70.2854942185769 27.091642697619633
