50 
80.58192518328079 69.81393949882269
34.02505165179919 15.547949981178155
95.72130722067811 33.65945451126267
9.27458433801479 9.6716376833464
84.74943663474598 60.37260313668911
80.71282732743802 72.9731786693818
53.62280914547007 97.31157639793706
37.853437720835345 55.2040631273227
82.94046642529949 61.85197523642461
86.17069003107773 57.735214525676206
70.45718362149235 4.5824383655662215
22.789827565154685 28.938796360210716
7.9791976923627495 23.27908863610302
10.100142940972912 27.79736031100921
63.56844442644002 36.48321789700842
37.018096711688266 20.95070307714877
26.697782204911334 93.6654587712494
64.80353852465936 60.913100566698816
17.1138648198097 72.91267979503492
16.34024937619284 37.94554417576478
98.95233506365952 63.999975985409286
55.694974377464625 68.46142509898746
84.28519201898096 77.59999115462448
22.904807196410438 3.210024390403776
31.54530480590819 26.774087597570272
21.098284358632647 94.29097143350545
87.63676264726689 31.467788079847793
65.543866529488 39.56319010606643
91.45475897405436 45.88518525873988
26.488016649805246 24.662750769398343
56.13681341631508 26.274160852293527
58.45859902235405 89.78228836024769
39.940050514039726 21.932075915728333
99.75376064951102 50.95262936764645
9.090941217379388 4.711637542473457
10.964913035065916 62.744604170309
79.20793643629641 42.215996679968406
6.352770615195713 38.16192865065368
99.61213802400968 52.911434509913704
97.10783776136182 86.07797022344981
1.1481021942819636 72.07218193601946
68.17103690265748 53.69703304087952
26.682518995254277 64.0961798579808
11.155217359587644 43.4765250669105
45.37237063292064 95.38159275210802
87.58529403781941 26.338905075109075
50.058611305029835 17.865188053013135
91.26278393448204 87.05185698367669
29.84447914486329 63.89494948660052
60.897021143817234 15.28392685496348
